16 1000 -1 6
16 2000 -1 1
16 2001 -1 1
16 2002 -1 1
16 2003 -1 1
16 2004 -1 1
16 2005 -1 2
16 2006 -1 1
16 2007 -1 1
16 2008 -1 1
1 1000 0 6000
14 6000 -1 13
13 -1 -1 23
0 1 -1 2000
0 0 -1 2001
0 0 -1 2002
0 0 -1 2003
0 0 -1 2004
0 2 -1 2005
0 0 -1 2006
0 0 -1 2007
0 1 -1 2008
13 -1 -1 87
1 1000 35 6001
14 6001 -1 26
13 -1 -1 36
0 0 -1 2000
0 0 -1 2001
0 0 -1 2002
0 1 -1 2003
0 1 -1 2004
0 0 -1 2005
0 0 -1 2006
0 1 -1 2007
0 1 -1 2008
13 -1 -1 87
1 1000 43 6002
14 6002 -1 39
13 -1 -1 49
0 0 -1 2000
0 0 -1 2001
0 0 -1 2002
0 0 -1 2003
0 0 -1 2004
0 0 -1 2005
0 1 -1 2006
0 1 -1 2007
0 0 -1 2008
13 -1 -1 87
1 1000 4 6003
14 6003 -1 52
13 -1 -1 62
0 0 -1 2000
0 1 -1 2001
0 0 -1 2002
0 0 -1 2003
0 0 -1 2004
0 1 -1 2005
0 0 -1 2006
0 0 -1 2007
0 0 -1 2008
13 -1 -1 87
1 1000 2 6004
14 6004 -1 65
13 -1 -1 75
0 0 -1 2000
0 0 -1 2001
0 1 -1 2002
0 0 -1 2003
0 0 -1 2004
0 0 -1 2005
0 0 -1 2006
0 0 -1 2007
0 0 -1 2008
13 -1 -1 87
1 1000 1000 6005
14 6005 -1 78
13 -1 -1 87
0 0 -1 2000
0 0 -1 2001
0 0 -1 2002
0 0 -1 2003
0 0 -1 2004
0 0 -1 2005
0 0 -1 2006
0 1 -1 2007
0 1 -1 2008
